30 21 900 15
30 27 18 24 24 21 15 21 18 18 15 30 18 21 21 15 18 24 27 18 27
30 0 6 8 9 0 3 2 10 14 6 8 14 8 8 9 5 13 1 7 0 7 8 2 11 1 13 11 2 11 13
30 9 14 14 6 10 11 0 12 5 6 3 13 7 11 10 11 9 1 7 7 14 4 9 5 6 14 4 5 7 0
30 10 2 12 3 6 14 11 5 3 7 7 9 12 13 12 9 11 1 3 13 14 7 4 14 8 13 5 10 8 0
30 6 9 10 1 4 3 2 5 1 1 12 5 3 10 11 6 13 5 1 8 6 4 3 2 13 8 13 14 6 9
30 3 3 13 5 8 9 3 14 10 4 1 1 8 13 2 9 4 12 10 7 6 12 3 10 6 8 6 1 13 3
30 2 0 0 9 7 0 11 3 9 8 3 0 12 2 2 6 0 11 8 10 6 7 3 11 10 5 8 7 0 5
30 10 7 7 4 4 4 11 11 11 3 8 4 8 0 14 11 10 11 0 5 11 7 10 2 14 1 11 0 13 14
30 14 6 3 9 6 10 2 5 3 2 6 10 10 3 13 12 11 14 0 8 4 3 5 4 0 0 1 0 5 13
30 2 1 6 13 8 1 0 11 7 13 8 4 11 3 9 9 13 0 5 8 8 7 6 3 7 3 2 7 13 2
30 0 2 10 2 12 6 6 13 7 3 10 2 6 2 14 4 8 12 7 9 8 10 4 1 12 4 12 12 9 14
30 3 0 7 6 7 1 4 14 12 10 10 3 6 9 8 0 9 9 2 7 1 5 7 1 10 8 12 0 11 10
30 13 11 7 2 2 1 10 8 4 2 8 11 8 7 8 11 10 14 14 12 5 13 10 7 13 14 0 10 5 6
30 9 2 11 4 2 14 3 8 8 14 0 4 1 14 14 9 9 1 12 7 12 10 14 0 7 3 8 1 6 8
30 13 3 13 2 0 2 11 12 11 12 13 3 9 12 13 4 12 2 12 10 9 4 14 2 1 2 1 1 9 7
30 3 14 3 2 5 4 3 9 11 2 1 0 4 1 5 7 8 2 8 5 10 4 9 9 11 5 4 0 5 5
30 7 5 10 12 0 6 13 0 6 11 14 12 13 10 8 12 8 7 0 11 0 4 7 3 10 9 12 6 2 5
30 1 8 11 8 14 3 6 11 0 6 12 7 4 4 13 5 13 9 4 8 11 5 7 1 5 12 14 6 12 8
30 2 14 5 12 9 1 5 4 10 4 1 6 6 10 10 4 5 13 8 1 7 5 9 2 1 1 0 10 13 1
30 8 4 1 4 4 11 5 10 4 3 5 12 2 12 4 1 3 13 4 2 5 12 4 1 13 2 0 4 2 6
30 5 11 10 8 11 7 3 1 8 2 2 11 9 14 14 14 0 8 12 2 7 10 10 14 10 7 14 13 6 9
30 0 12 1 14 0 6 9 2 9 8 4 13 11 8 7 8 12 12 0 12 10 3 0 0 9 14 11 5 1 12
30 1 13 9 7 2 14 12 6 14 6 11 3 2 3 7 1 13 10 2 10 9 8 6 8 1 7 7 2 4 13
30 2 13 11 14 4 5 10 9 11 9 3 11 5 0 13 10 12 11 4 13 14 8 14 8 0 14 14 5 6 4
30 11 6 10 5 12 4 9 3 13 4 11 3 6 1 7 7 0 2 13 6 9 12 4 14 7 0 3 9 5 2
30 2 11 5 11 2 8 0 8 10 6 6 1 9 5 2 9 10 9 13 5 3 11 6 1 3 9 7 5 3 12
30 1 8 4 4 3 11 1 11 14 12 6 3 7 8 12 4 0 1 11 10 5 1 3 4 1 13 13 9 2 13
30 5 5 5 11 3 14 1 4 0 1 6 7 5 9 5 12 13 4 1 14 3 7 10 9 1 6 6 12 3 12
30 0 6 12 14 6 12 5 10 12 2 8 6 4 14 6 8 12 14 12 14 9 10 7 0 11 13 13 9 6 3
30 14 12 1 0 13 12 11 0 1 10 0 11 2 14 4 7 9 12 7 13 13 13 3 6 6 0 1 3 7 10
30 0 5 9 13 9 7 12 14 4 9 4 2 9 10 5 11 13 2 13 5 0 14 5 7 6 3 14 0 10 3
