30 10 900 2
21 27 21 15 15 30 27 15 30 27
30 0 0 1 1 0 0 0 1 1 0 1 1 1 1 1 0 1 0 1 0 0 1 0 1 0 1 1 0 1 1
30 1 1 1 0 1 1 0 1 0 0 0 1 1 1 1 1 1 0 0 0 1 0 1 0 0 1 0 0 1 0
30 1 0 1 0 0 1 1 0 0 1 0 1 1 1 1 1 1 0 0 1 1 1 0 1 1 1 0 1 1 0
30 0 1 1 0 0 0 0 0 0 0 1 0 0 1 1 0 1 0 0 1 0 0 0 0 1 1 1 1 0 1
30 0 0 1 0 1 1 0 1 1 0 0 0 1 1 0 1 0 1 1 1 0 1 0 1 0 1 0 0 1 0
30 0 0 0 1 0 0 1 0 1 1 0 0 1 0 0 0 0 1 1 1 0 0 0 1 1 0 1 0 0 0
30 1 0 0 0 0 0 1 1 1 0 1 0 1 0 1 1 1 1 0 0 1 0 1 0 1 0 1 0 1 1
30 1 0 0 1 0 1 0 0 0 0 0 1 1 0 1 1 1 1 0 1 0 0 0 0 0 0 0 0 0 1
30 0 0 0 1 1 0 0 1 0 1 1 0 1 0 1 1 1 0 0 1 1 0 0 0 1 0 0 1 1 0
30 0 0 1 0 1 0 0 1 0 0 1 0 0 0 1 0 1 1 0 1 1 1 0 0 1 0 1 1 1 1
30 0 0 0 0 1 0 0 1 1 1 1 0 0 1 1 0 1 1 0 1 0 0 0 0 1 1 1 0 1 1
30 1 1 0 0 0 0 1 1 0 0 1 1 1 1 1 1 1 1 1 1 0 1 1 0 1 1 0 1 0 0
30 1 0 1 0 0 1 0 1 1 1 0 0 0 1 1 1 1 0 1 1 1 1 1 0 1 0 1 0 0 1
30 1 0 1 0 0 0 1 1 1 1 1 0 1 1 1 0 1 0 1 1 1 0 1 0 0 0 0 0 1 0
30 0 1 0 0 0 0 0 1 1 0 0 0 0 0 0 1 1 0 1 0 1 0 1 1 1 0 0 0 0 0
30 0 0 1 1 0 0 1 0 0 1 1 1 1 1 1 1 1 1 0 1 0 0 1 0 1 1 1 0 0 0
30 0 1 1 1 1 0 0 1 0 0 1 1 0 0 1 0 1 1 0 1 1 0 1 0 0 1 1 0 1 1
30 0 1 0 1 1 0 0 0 1 0 0 0 0 1 1 0 0 1 1 0 0 0 1 0 0 0 0 1 1 0
30 1 0 0 0 0 1 0 1 0 0 0 1 0 1 0 0 0 1 0 0 0 1 0 0 1 0 0 0 0 0
30 0 1 1 1 1 1 0 0 1 0 0 1 1 1 1 1 0 1 1 0 0 1 1 1 1 1 1 1 0 1
30 0 1 0 1 0 0 1 0 1 1 0 1 1 1 1 1 1 1 0 1 1 0 0 0 1 1 1 0 0 1
30 0 1 1 1 0 1 1 0 1 0 1 0 0 0 0 0 1 1 0 1 1 1 0 1 0 0 0 0 0 1
30 0 1 1 1 0 0 1 1 1 1 0 1 0 0 1 1 1 1 0 1 1 1 1 1 0 1 1 0 0 0
30 1 0 1 0 1 0 1 0 1 0 1 0 0 0 1 1 0 0 1 0 1 1 0 1 0 0 0 1 0 0
30 0 1 0 1 0 1 0 1 1 0 0 0 1 0 0 1 1 1 1 0 0 1 0 0 0 1 1 0 0 1
30 0 1 0 0 0 1 0 1 1 1 0 0 0 1 1 0 0 0 1 1 0 0 0 0 0 1 1 1 0 1
30 0 0 0 1 0 1 0 0 0 0 0 0 0 1 0 1 1 0 0 1 0 1 1 1 0 0 0 1 0 1
30 0 0 1 1 0 1 0 1 1 0 1 0 0 1 0 1 1 1 1 1 1 1 1 0 1 1 1 1 0 0
30 1 1 0 0 1 1 1 0 0 1 0 1 0 1 0 1 1 1 1 1 1 1 0 0 0 0 0 0 0 1
30 0 0 1 1 1 0 1 1 0 1 0 0 1 1 0 1 1 0 1 0 0 1 0 1 0 0 1 0 1 0
