20 14 400 5
14 18 14 10 10 20 18 10 20 18 12 14 20 18
20 4 0 1 1 1 1 3 3 1 0 0 1 0 2 2 1 1 4 1 3
20 1 1 4 4 0 3 1 2 3 1 0 3 4 0 2 4 1 2 3 4
20 4 2 1 4 3 1 4 4 3 3 0 1 2 3 3 2 3 4 3 0
20 2 4 2 0 2 4 0 4 1 0 0 4 2 2 4 0 1 2 3 1
20 4 0 0 3 4 4 4 3 2 2 4 3 2 2 4 0 3 1 0 2
20 1 2 3 3 0 3 2 1 0 4 1 0 0 2 1 1 4 1 4 3
20 1 0 1 4 2 2 1 4 3 0 0 2 4 3 3 1 3 2 4 2
20 0 4 1 2 2 2 4 0 4 4 0 1 1 0 0 3 1 2 0 3
20 2 1 1 3 2 3 1 2 1 2 3 1 1 3 0 4 0 0 2 1
20 2 1 0 4 2 0 3 3 0 2 3 1 3 2 3 1 0 4 2 3
20 2 4 0 2 3 1 3 2 4 3 4 2 0 1 3 4 4 1 2 0
20 2 3 2 0 2 4 0 0 2 2 3 1 3 3 4 0 4 4 0 0
20 0 2 1 2 4 1 2 3 0 0 3 0 4 1 0 0 0 2 2 3
20 3 2 4 1 0 4 2 1 4 2 4 4 2 1 1 0 4 3 4 1
20 1 2 4 4 4 2 4 3 3 4 0 2 3 4 0 3 4 4 3 4
20 1 4 3 2 4 3 0 1 0 4 2 3 4 0 4 0 1 0 1 3
20 0 3 3 0 3 3 0 0 1 0 3 4 1 1 0 0 4 0 1 0
20 0 1 0 3 3 3 1 1 3 1 0 0 3 2 3 1 4 3 4 1
20 0 4 4 2 1 3 1 3 0 4 3 2 2 1 1 1 2 2 2 2
20 4 2 1 1 2 2 2 2 3 3 2 0 2 4 3 0 3 1 4 4
