30 20 900 3
21 27 21 15 15 30 27 15 30 27 18 21 30 27 27 21 27 15 30 18
30 0 1 1 1 0 0 0 2 2 1 1 2 1 1 1 1 2 0 1 0 1 1 0 2 0 2 2 0 2 2
30 1 2 2 1 2 2 0 2 1 1 0 2 1 2 2 2 1 0 1 1 2 0 1 1 1 2 0 1 1 0
30 2 0 2 0 1 2 2 1 0 1 1 1 2 2 2 1 2 0 0 2 2 1 0 2 1 2 1 2 1 0
30 1 1 2 0 0 0 0 1 0 0 2 1 0 2 2 1 2 1 0 1 1 0 0 0 2 1 2 2 1 1
30 0 0 2 1 1 1 0 2 2 0 0 0 1 2 0 1 0 2 2 1 1 2 0 2 1 1 1 0 2 0
30 0 0 0 1 1 0 2 0 1 1 0 0 2 0 0 1 0 2 1 2 1 1 0 2 2 1 1 1 0 1
30 2 1 1 0 0 0 2 2 2 0 1 0 1 0 2 2 2 2 0 1 2 1 2 0 2 0 2 0 2 2
30 2 1 0 1 1 2 0 1 0 0 1 2 2 0 2 2 2 2 0 1 0 0 1 0 0 0 0 0 1 2
30 0 0 1 2 1 0 0 2 1 2 1 0 2 0 1 1 2 0 1 1 1 1 1 0 1 0 0 1 2 0
30 0 0 2 0 2 1 1 2 1 0 2 0 1 0 2 0 1 2 1 1 1 2 0 0 2 0 2 2 1 2
30 0 0 1 1 1 0 0 2 2 2 2 0 1 1 1 0 1 1 0 1 0 1 1 0 2 1 2 0 2 2
30 2 2 1 0 0 0 2 1 0 0 1 2 1 1 1 2 2 2 2 2 1 2 2 1 2 2 0 2 1 1
30 1 0 2 0 0 2 0 1 1 2 0 0 0 2 2 1 1 0 2 1 2 2 2 0 1 0 1 0 1 1
30 2 0 2 0 0 0 2 2 2 2 2 0 1 2 2 0 2 0 2 2 1 0 2 0 0 0 0 0 1 1
30 0 2 0 0 1 0 0 1 2 0 0 0 0 0 1 1 1 0 1 1 2 0 1 1 2 1 0 0 1 1
30 1 1 2 2 0 1 2 0 1 2 2 2 2 2 1 2 1 1 0 2 0 0 1 0 2 1 2 1 0 1
30 0 1 2 1 2 0 1 2 0 1 2 1 0 0 2 1 2 1 0 1 2 1 1 0 1 2 2 1 2 1
30 0 2 1 2 1 0 1 0 2 0 0 1 1 2 2 0 1 2 1 0 1 1 1 0 0 0 0 2 2 0
30 1 0 0 0 0 2 1 2 0 0 1 2 0 2 0 0 0 2 0 0 1 2 0 0 2 0 0 0 0 1
30 1 2 2 1 2 1 0 0 1 0 0 2 1 2 2 2 0 1 2 0 1 2 2 2 2 1 2 2 1 1
30 0 2 0 2 0 1 1 0 1 1 0 2 2 1 1 1 2 2 0 2 2 0 0 0 1 2 2 1 0 2
30 0 2 1 1 0 2 2 1 2 1 2 0 0 0 1 0 2 2 0 2 1 1 1 1 0 1 1 0 0 2
30 0 2 2 2 0 1 2 1 2 1 0 2 1 0 2 2 2 2 0 2 2 1 2 1 0 2 2 1 1 0
30 2 1 2 1 2 0 1 0 2 0 2 0 1 0 1 1 0 0 2 1 1 2 0 2 1 0 0 1 1 0
30 0 2 1 2 0 1 0 1 2 1 1 0 1 1 0 1 2 1 2 1 0 2 1 0 0 1 1 1 0 2
30 0 1 0 0 0 2 0 2 2 2 1 0 1 1 2 0 0 0 2 2 1 0 0 0 0 2 2 1 0 2
30 1 1 1 2 0 2 0 0 0 0 1 1 1 1 1 2 2 0 0 2 0 1 2 1 0 1 1 2 0 2
30 0 1 2 2 1 2 1 2 2 0 1 1 0 2 1 1 2 2 2 2 1 2 1 0 2 2 2 1 1 0
30 2 2 0 0 2 2 2 0 0 2 0 2 0 2 0 1 1 2 1 2 2 2 0 1 1 0 0 0 1 2
30 0 1 1 2 1 1 2 2 0 1 0 0 1 2 1 2 2 0 2 1 0 2 1 1 1 0 2 0 2 0
