20 20 400 2
16 14 20 14 16 14 18 18 18 12 14 14 18 14 14 20 12 10 14 18
20 1 0 0 0 0 0 1 1 0 0 0 0 0 0 0 0 0 1 0 1
20 0 0 1 1 0 1 0 1 1 0 0 1 1 0 0 1 0 0 1 1
20 1 1 0 1 1 0 1 1 1 1 0 0 1 1 1 1 1 1 1 0
20 1 1 1 0 0 1 0 1 0 0 0 1 1 0 1 0 0 1 1 0
20 1 0 0 1 1 1 1 1 0 1 1 1 1 1 1 0 1 0 0 0
20 0 0 1 1 0 1 1 0 0 1 0 0 0 1 0 0 1 0 1 1
20 0 0 0 1 1 1 0 1 1 0 0 1 1 1 1 0 1 0 1 0
20 0 1 0 0 0 1 1 0 1 1 0 0 0 0 0 1 0 1 0 1
20 1 0 0 1 1 1 0 0 0 0 1 0 0 1 0 1 0 0 1 0
20 1 0 0 1 0 0 1 1 0 0 1 0 1 1 1 0 0 1 0 1
20 0 1 0 0 1 0 1 1 1 1 1 0 0 0 1 1 1 0 0 0
20 1 1 1 0 0 1 0 0 0 1 1 0 1 1 1 0 1 1 0 0
20 0 1 0 0 1 0 0 1 0 0 1 0 1 0 0 0 0 0 1 1
20 1 0 1 0 0 1 1 0 1 0 1 1 0 0 0 0 1 1 1 0
20 0 0 1 1 1 1 1 1 1 1 0 0 1 1 0 1 1 1 1 1
20 0 1 1 1 1 1 0 0 0 1 1 1 1 0 1 0 0 0 0 1
20 0 1 1 0 1 1 0 0 0 0 1 1 0 0 0 0 1 0 0 0
20 0 0 0 1 1 1 0 0 1 0 0 0 1 0 1 0 1 1 1 0
20 0 1 1 0 0 1 0 1 0 1 1 1 0 0 0 0 0 1 0 1
20 1 1 0 0 0 0 1 1 1 1 0 0 1 1 1 0 1 0 1 1
