30 20 900 2
21 27 21 15 15 30 27 15 30 27 18 21 30 27 27 21 27 15 30 18
30 0 0 1 1 0 0 0 1 1 0 1 1 1 1 1 0 1 0 1 0 0 1 0 1 0 1 1 0 1 1
30 1 1 1 0 1 1 0 1 0 0 0 1 1 1 1 1 1 0 0 0 1 0 1 0 0 1 0 0 1 0
30 1 0 1 0 0 1 1 0 0 1 0 1 1 1 1 1 1 0 0 1 1 1 0 1 1 1 0 1 1 0
30 0 1 1 0 0 0 0 0 0 0 1 0 0 1 1 0 1 0 0 1 0 0 0 0 1 1 1 1 0 1
30 0 0 1 0 1 1 0 1 1 0 0 0 1 1 0 1 0 1 1 1 0 1 0 1 0 1 0 0 1 0
30 0 0 0 1 0 0 1 0 1 1 0 0 1 0 0 0 0 1 1 1 0 0 0 1 1 0 1 0 0 0
30 1 0 0 0 0 0 1 1 1 0 1 0 1 0 1 1 1 1 0 0 1 0 1 0 1 0 1 0 1 1
30 1 0 0 1 0 1 0 0 0 0 0 1 1 0 1 1 1 1 0 1 0 0 0 0 0 0 0 0 0 1
30 0 0 0 1 1 0 0 1 0 1 1 0 1 0 1 1 1 0 0 1 1 0 0 0 1 0 0 1 1 0
30 0 0 1 0 1 0 0 1 0 0 1 0 0 0 1 0 1 1 0 1 1 1 0 0 1 0 1 1 1 1
30 0 0 0 0 1 0 0 1 1 1 1 0 0 1 1 0 1 1 0 1 0 0 0 0 1 1 1 0 1 1
30 1 1 0 0 0 0 1 1 0 0 1 1 1 1 1 1 1 1 1 1 0 1 1 0 1 1 0 1 0 0
30 1 0 1 0 0 1 0 1 1 1 0 0 0 1 1 1 1 0 1 1 1 1 1 0 1 0 1 0 0 1
30 1 0 1 0 0 0 1 1 1 1 1 0 1 1 1 0 1 0 1 1 1 0 1 0 0 0 0 0 1 0
30 0 1 0 0 0 0 0 1 1 0 0 0 0 0 0 1 1 0 1 0 1 0 1 1 1 0 0 0 0 0
30 0 0 1 1 0 0 1 0 0 1 1 1 1 1 1 1 1 1 0 1 0 0 1 0 1 1 1 0 0 0
30 0 1 1 1 1 0 0 1 0 0 1 1 0 0 1 0 1 1 0 1 1 0 1 0 0 1 1 0 1 1
30 0 1 0 1 1 0 0 0 1 0 0 0 0 1 1 0 0 1 1 0 0 0 1 0 0 0 0 1 1 0
30 1 0 0 0 0 1 0 1 0 0 0 1 0 1 0 0 0 1 0 0 0 1 0 0 1 0 0 0 0 0
30 0 1 1 1 1 1 0 0 1 0 0 1 1 1 1 1 0 1 1 0 0 1 1 1 1 1 1 1 0 1
30 0 1 0 1 0 0 1 0 1 1 0 1 1 1 1 1 1 1 0 1 1 0 0 0 1 1 1 0 0 1
30 0 1 1 1 0 1 1 0 1 0 1 0 0 0 0 0 1 1 0 1 1 1 0 1 0 0 0 0 0 1
30 0 1 1 1 0 0 1 1 1 1 0 1 0 0 1 1 1 1 0 1 1 1 1 1 0 1 1 0 0 0
30 1 0 1 0 1 0 1 0 1 0 1 0 0 0 1 1 0 0 1 0 1 1 0 1 0 0 0 1 0 0
30 0 1 0 1 0 1 0 1 1 0 0 0 1 0 0 1 1 1 1 0 0 1 0 0 0 1 1 0 0 1
30 0 1 0 0 0 1 0 1 1 1 0 0 0 1 1 0 0 0 1 1 0 0 0 0 0 1 1 1 0 1
30 0 0 0 1 0 1 0 0 0 0 0 0 0 1 0 1 1 0 0 1 0 1 1 1 0 0 0 1 0 1
30 0 0 1 1 0 1 0 1 1 0 1 0 0 1 0 1 1 1 1 1 1 1 1 0 1 1 1 1 0 0
30 1 1 0 0 1 1 1 0 0 1 0 1 0 1 0 1 1 1 1 1 1 1 0 0 0 0 0 0 0 1
30 0 0 1 1 1 0 1 1 0 1 0 0 1 1 0 1 1 0 1 0 0 1 0 1 0 0 1 0 1 0
