20 20 400 10
16 14 20 14 16 14 18 18 18 12 14 14 18 14 14 20 12 10 14 18
20 9 0 2 2 3 3 7 7 2 1 0 2 1 4 4 3 3 9 2 6
20 3 3 8 9 1 7 3 5 7 3 1 7 8 1 4 8 2 4 7 9
20 9 5 3 9 6 3 9 8 6 6 0 2 5 7 7 5 6 9 6 0
20 5 8 5 1 4 9 0 9 3 0 1 8 5 4 8 0 2 5 7 3
20 9 1 1 6 8 8 8 7 4 5 9 6 5 5 8 0 7 2 1 4
20 3 4 6 6 0 6 5 2 1 8 2 0 1 5 2 3 8 3 8 7
20 2 0 2 9 5 5 2 9 6 0 1 5 8 6 7 3 7 4 9 4
20 1 8 2 4 4 5 9 0 9 8 1 3 3 0 0 6 2 5 1 7
20 5 3 3 7 5 7 2 4 3 4 7 2 2 7 0 8 0 0 5 2
20 5 2 0 9 4 0 6 6 0 4 7 3 7 5 6 3 1 9 4 6
20 4 9 1 4 7 2 6 5 9 7 9 4 0 2 7 9 8 2 4 0
20 5 7 5 1 4 8 0 0 4 5 7 2 7 6 9 0 9 9 1 1
20 0 5 3 4 9 2 4 6 1 1 6 0 8 2 1 0 1 4 5 6
20 7 4 9 2 1 8 5 3 9 4 8 8 4 2 3 0 8 6 8 3
20 2 4 8 8 9 5 9 7 6 8 1 4 7 8 1 7 8 9 7 9
20 3 8 7 5 9 6 1 3 1 9 5 6 8 1 9 1 3 0 3 6
20 1 7 7 0 6 6 0 0 3 1 6 8 3 2 1 1 8 0 3 0
20 1 2 0 7 6 6 2 3 7 3 0 1 6 4 6 2 8 7 8 3
20 1 8 9 4 2 6 2 7 1 9 7 5 4 3 2 2 4 5 4 5
20 9 5 2 3 4 4 5 5 6 6 4 0 5 8 6 0 6 3 9 8
