40 14 1600 3
28 36 28 20 20 40 36 20 40 36 24 28 40 36
40 0 1 1 2 1 1 1 1 1 1 2 0 0 1 2 2 0 1 0 2 2 2 0 1 1 1 1 1 0 1 2 0 0 0 2 0 0 2 1 2
40 2 0 1 0 2 1 2 2 1 0 2 0 2 2 2 2 2 2 2 0 0 2 2 0 2 2 1 1 2 2 0 1 1 1 2 0 2 2 2 0
40 2 1 1 1 1 2 2 0 1 0 2 0 1 0 2 2 2 0 0 2 2 1 1 0 0 2 2 1 2 0 2 1 1 0 2 2 1 0 0 2
40 2 0 0 0 1 1 2 2 0 1 2 0 1 0 1 0 0 2 1 1 1 1 0 2 0 1 1 1 0 0 1 2 2 1 0 2 1 0 2 1
40 0 0 1 0 2 1 0 2 1 1 0 2 0 2 0 1 2 1 0 2 1 0 2 2 0 2 1 2 1 1 0 2 2 1 0 1 2 0 1 1
40 0 1 0 0 2 2 0 2 0 1 0 1 0 2 1 2 0 1 1 1 2 1 2 2 1 1 1 0 2 1 2 0 2 2 1 0 2 1 1 2
40 1 2 1 0 0 1 0 1 0 2 1 0 0 2 0 1 2 2 1 2 0 1 0 1 0 0 1 0 2 1 0 0 0 0 0 2 0 0 0 1
40 0 2 1 0 0 1 2 1 1 0 2 1 1 1 2 1 0 1 0 0 0 1 1 2 2 0 0 0 1 2 2 1 0 1 1 2 1 2 2 1
40 2 2 1 2 2 1 2 1 1 0 1 2 2 0 0 0 2 0 0 1 2 2 1 0 1 2 0 1 1 2 1 2 1 1 2 0 1 2 2 0
40 0 0 0 2 1 2 0 2 2 2 2 1 2 2 1 2 2 0 2 0 0 1 0 1 0 1 1 0 2 2 0 1 0 0 0 0 1 0 0 0
40 1 0 2 0 1 1 0 0 2 1 1 1 1 0 0 2 2 0 0 1 0 0 2 0 0 0 0 0 1 2 0 1 1 0 0 2 2 2 0 0
40 2 0 1 0 2 1 2 0 1 0 1 1 1 2 1 1 1 0 1 2 0 0 0 2 0 2 2 0 1 0 1 1 0 2 2 1 2 2 0 1
40 0 1 1 2 1 0 0 0 0 1 1 1 0 2 0 2 1 1 0 2 1 0 1 2 2 2 2 1 1 0 2 0 0 1 2 2 1 0 0 1
40 2 2 1 2 2 1 1 1 1 1 1 2 1 1 0 1 0 2 0 2 0 1 1 1 0 2 0 0 2 2 0 0 2 2 2 0 2 0 1 1
40 2 0 0 2 2 2 0 1 0 1 1 2 0 2 2 2 0 2 2 2 2 2 1 1 0 2 0 2 1 0 1 1 2 0 0 1 1 2 2 1
40 2 2 2 1 2 2 2 1 2 1 0 0 2 0 1 1 1 2 1 2 1 2 2 0 0 1 0 2 1 2 2 2 2 0 2 1 2 2 1 0
40 2 1 1 0 0 1 0 2 2 1 1 0 2 0 0 0 2 2 0 2 2 1 0 1 2 0 1 0 2 1 1 1 2 0 0 0 0 2 0 1
40 0 1 2 0 0 0 0 1 1 1 1 2 0 0 0 0 1 2 2 0 1 2 2 2 2 2 2 1 0 0 2 2 1 0 0 2 1 0 2 1
40 0 2 1 0 0 2 0 2 0 1 1 2 2 1 1 2 2 0 0 1 2 0 1 1 2 0 2 0 1 2 1 2 0 0 2 0 1 1 1 2
40 2 1 1 0 0 2 1 0 1 1 1 0 2 1 0 1 1 1 1 1 1 0 2 1 2 1 2 0 0 0 2 2 1 2 2 2 1 1 2 2
40 2 1 2 2 2 2 1 0 0 1 1 0 1 2 0 1 0 1 0 1 2 2 0 0 2 1 2 1 0 2 2 2 2 1 1 0 2 2 1 1
40 2 0 0 2 1 2 1 2 0 2 2 0 0 2 0 1 1 1 1 2 1 1 1 1 2 0 0 0 2 0 1 1 1 2 0 2 1 2 1 0
40 0 1 1 2 0 2 0 0 2 1 2 2 1 1 0 0 1 0 1 0 1 2 2 1 1 2 2 2 0 2 2 2 1 1 0 0 2 0 1 1
40 2 2 1 2 1 0 1 0 0 0 1 0 2 0 2 0 0 1 1 2 1 1 2 2 1 1 0 1 2 0 2 0 0 0 1 2 0 1 1 2
40 2 2 2 1 1 2 2 2 1 1 2 1 1 1 1 1 1 0 0 0 0 2 2 2 0 0 1 0 1 2 0 0 2 0 2 1 2 0 1 0
40 1 1 1 2 0 2 1 0 0 2 1 0 0 1 2 0 0 0 0 0 2 1 0 1 0 0 0 0 0 1 2 1 2 0 2 2 1 1 2 2
40 1 2 2 2 0 0 1 2 1 2 1 1 1 0 2 0 1 1 0 1 0 1 2 1 1 0 1 2 0 2 1 0 1 0 1 1 1 2 0 1
40 1 2 1 0 0 0 2 0 2 0 0 0 2 2 0 1 0 2 0 1 2 2 0 0 2 0 2 1 1 0 1 0 1 1 0 1 1 1 0 2
40 1 2 1 0 1 0 2 0 1 0 0 2 0 0 2 2 0 2 2 0 2 1 0 1 1 1 2 0 2 1 1 1 1 0 1 2 0 1 1 0
40 2 0 1 2 1 0 0 0 2 0 0 2 0 1 0 1 1 1 0 0 2 0 2 1 2 0 0 2 0 2 0 1 1 0 2 1 1 2 1 0
40 1 1 0 0 1 1 1 2 2 2 1 2 0 2 0 2 0 1 2 0 0 2 0 0 0 1 1 2 1 1 2 2 0 1 2 1 1 1 0 0
40 2 1 2 1 0 0 2 1 1 0 1 2 2 2 2 0 1 1 2 1 2 0 2 2 1 2 2 0 2 1 2 0 0 2 0 2 1 2 0 0
40 0 0 1 2 0 1 2 2 1 2 1 1 2 1 1 0 2 0 0 2 2 1 1 2 2 2 2 1 1 2 0 0 2 2 1 2 2 0 2 1
40 1 2 1 2 0 0 0 2 1 2 1 2 1 0 0 0 2 0 2 2 2 0 0 0 0 1 0 0 0 0 1 2 2 2 0 1 1 2 2 0
40 1 1 2 0 2 1 0 2 2 1 2 1 1 0 0 0 0 0 2 1 2 1 0 0 0 1 0 2 0 2 0 2 2 2 1 1 2 1 1 0
40 2 0 0 1 1 0 1 0 0 0 1 2 0 0 0 1 2 1 2 0 1 1 2 0 0 0 2 0 2 0 1 0 2 1 2 0 2 0 0 1
40 1 1 2 1 1 1 2 0 2 0 0 0 2 2 0 1 0 0 1 1 0 2 0 0 0 2 1 1 2 2 0 2 2 0 0 1 0 2 0 1
40 1 0 1 2 1 2 1 1 1 1 1 2 1 0 0 0 0 1 1 1 2 0 2 1 2 1 1 2 1 1 0 0 0 0 2 2 0 2 2 0
40 1 0 0 0 0 2 0 0 2 0 2 0 0 1 0 0 1 1 0 1 1 2 1 1 1 1 2 1 2 0 1 2 2 1 2 1 2 0 0 2
40 0 2 2 2 1 2 1 2 1 2 2 2 1 2 0 2 0 2 2 0 2 2 0 2 2 0 0 0 2 2 1 0 1 1 1 1 2 0 1 2
