20 28 400 2
10 10 16 10 12 14 16 18 12 20 18 14 16 18 16 14 10 12 20 14 16 16 14 18 12 16 16 20
20 1 0 0 0 0 0 1 1 0 0 0 0 0 0 0 0 0 1 0 1
20 0 0 1 1 0 1 0 1 1 0 0 1 1 0 0 1 0 0 1 1
20 1 1 0 1 1 0 1 1 1 1 0 0 1 1 1 1 1 1 1 0
20 1 1 1 0 0 1 0 1 0 0 0 1 1 0 1 0 0 1 1 0
20 1 0 0 1 1 1 1 1 0 1 1 1 1 1 1 0 1 0 0 0
20 0 0 1 1 0 1 1 0 0 1 0 0 0 1 0 0 1 0 1 1
20 0 0 0 1 1 1 0 1 1 0 0 1 1 1 1 0 1 0 1 0
20 0 1 0 0 0 1 1 0 1 1 0 0 0 0 0 1 0 1 0 1
20 1 0 0 1 1 1 0 0 0 0 1 0 0 1 0 1 0 0 1 0
20 1 0 0 1 0 0 1 1 0 0 1 0 1 1 1 0 0 1 0 1
20 0 1 0 0 1 0 1 1 1 1 1 0 0 0 1 1 1 0 0 0
20 1 1 1 0 0 1 0 0 0 1 1 0 1 1 1 0 1 1 0 0
20 0 1 0 0 1 0 0 1 0 0 1 0 1 0 0 0 0 0 1 1
20 1 0 1 0 0 1 1 0 1 0 1 1 0 0 0 0 1 1 1 0
20 0 0 1 1 1 1 1 1 1 1 0 0 1 1 0 1 1 1 1 1
20 0 1 1 1 1 1 0 0 0 1 1 1 1 0 1 0 0 0 0 1
20 0 1 1 0 1 1 0 0 0 0 1 1 0 0 0 0 1 0 0 0
20 0 0 0 1 1 1 0 0 1 0 0 0 1 0 1 0 1 1 1 0
20 0 1 1 0 0 1 0 1 0 1 1 1 0 0 0 0 0 1 0 1
20 1 1 0 0 0 0 1 1 1 1 0 0 1 1 1 0 1 0 1 1
