40 14 1600 2
28 36 28 20 20 40 36 20 40 36 24 28 40 36
40 0 1 1 1 1 1 0 1 0 1 1 0 0 0 1 1 0 1 0 1 1 1 0 1 0 0 1 0 0 0 1 0 0 0 1 0 0 1 0 1
40 1 0 1 0 1 0 1 1 1 0 1 0 1 1 1 1 1 1 1 0 0 1 1 0 1 1 0 0 1 1 0 1 0 0 1 0 1 1 1 0
40 1 1 0 1 1 1 1 0 1 0 1 0 0 0 1 1 1 0 0 1 1 0 1 0 0 1 1 1 1 0 1 1 1 0 1 1 1 0 0 1
40 1 0 0 0 1 1 1 1 0 1 1 0 1 0 0 0 0 1 1 1 1 0 0 1 0 0 1 0 0 0 1 1 1 1 0 1 1 0 1 0
40 0 0 1 0 1 1 0 1 0 0 0 1 0 1 0 0 1 0 0 1 0 0 1 1 0 1 1 1 0 1 0 1 1 0 0 0 1 0 1 1
40 0 1 0 0 1 1 0 1 0 1 0 1 0 1 1 1 0 1 0 1 1 1 1 1 0 1 0 0 1 0 1 0 1 1 0 0 1 0 0 1
40 1 1 1 0 0 0 0 1 0 1 0 0 0 1 0 1 1 1 1 1 0 1 0 0 0 0 1 0 1 0 0 0 0 0 0 1 0 0 0 1
40 0 1 1 0 0 1 1 0 1 0 1 1 1 0 1 1 0 0 0 0 0 0 0 1 1 0 0 0 1 1 1 0 0 1 1 1 1 1 1 0
40 1 1 1 1 1 1 1 1 0 0 0 1 1 0 0 0 1 0 0 0 1 1 1 0 0 1 0 1 0 1 0 1 1 0 1 0 0 1 1 0
40 0 0 0 1 1 1 0 1 1 1 1 0 1 1 1 1 1 0 1 0 0 0 0 0 0 0 1 0 1 1 0 0 0 0 0 0 1 0 0 0
40 1 0 1 0 1 1 0 0 1 0 0 1 1 0 0 1 1 0 0 1 0 0 1 0 0 0 0 0 1 1 0 0 1 0 0 1 1 1 0 0
40 1 0 0 0 1 0 1 0 1 0 0 1 0 1 1 0 1 0 1 1 0 0 0 1 0 1 1 0 0 0 0 1 0 1 1 1 1 1 0 1
40 0 0 1 1 0 0 0 0 0 1 1 0 0 1 0 1 1 0 0 1 0 0 1 1 1 1 1 0 0 0 1 0 0 0 1 1 0 0 0 0
40 1 1 0 1 1 1 1 0 1 0 0 1 1 0 0 0 0 1 0 1 0 1 0 1 0 1 0 0 1 1 0 0 1 1 1 0 1 0 1 0
40 1 0 0 1 1 1 0 0 0 1 0 1 0 1 1 1 0 1 1 1 1 1 1 1 0 1 0 1 0 0 0 0 1 0 0 0 0 1 1 0
40 1 1 1 1 1 1 1 0 1 0 0 0 1 0 0 1 1 1 1 1 0 1 1 0 0 0 0 1 0 1 1 1 1 0 1 0 1 1 1 0
40 1 0 0 0 0 0 0 1 1 1 0 0 1 0 0 0 1 1 0 1 1 0 0 1 1 0 1 0 1 0 0 1 1 0 0 0 0 1 0 1
40 0 1 1 0 0 0 0 0 0 1 0 1 0 0 0 0 0 1 1 0 0 1 1 1 1 1 1 0 0 0 1 1 0 0 0 1 0 0 1 1
40 0 1 1 0 0 1 0 1 0 1 1 1 1 0 0 1 1 0 0 0 1 0 0 1 1 0 1 0 0 1 0 1 0 0 1 0 1 1 0 1
40 1 1 0 0 0 1 1 0 0 1 1 0 1 0 0 1 1 1 0 1 1 0 1 1 1 1 1 0 0 0 1 1 0 1 1 1 0 0 1 1
40 1 1 1 1 1 1 1 0 0 0 1 0 0 1 0 0 0 1 0 1 1 1 0 0 1 0 1 1 0 1 1 1 1 1 0 0 1 1 1 1
40 1 0 0 1 0 1 1 1 0 1 1 0 0 1 0 0 0 0 1 1 1 0 0 1 1 0 0 0 1 0 1 0 1 1 0 1 0 1 0 0
40 0 0 1 1 0 1 0 0 1 0 1 1 0 0 0 0 1 0 1 0 1 1 1 0 1 1 1 1 0 1 1 1 0 1 0 0 1 0 0 0
40 1 1 1 1 1 0 1 0 0 0 0 0 1 0 1 0 0 0 0 1 1 0 1 1 1 1 0 0 1 0 1 0 0 0 0 1 0 1 1 1
40 1 1 1 0 1 1 1 1 0 1 1 1 1 0 0 0 0 0 0 0 0 1 1 1 0 0 0 0 1 1 0 0 1 0 1 1 1 0 0 0
40 0 1 0 1 0 1 1 0 0 1 0 0 0 1 1 0 0 0 0 0 1 1 0 1 0 0 0 0 0 0 1 0 1 0 1 1 1 1 1 1
40 1 1 1 1 0 0 1 1 1 1 1 1 0 0 1 0 1 0 0 1 0 0 1 0 1 0 1 1 0 1 1 0 1 0 1 0 0 1 0 1
40 0 1 1 0 0 0 1 0 1 0 0 0 1 1 0 1 0 1 0 0 1 1 0 0 1 0 1 1 0 0 0 0 0 0 0 0 0 1 0 1
40 1 1 1 0 1 0 1 0 1 0 0 1 0 0 1 1 0 1 1 0 1 1 0 1 1 0 1 0 1 0 0 0 0 0 0 1 0 0 1 0
40 1 0 1 1 0 0 0 0 1 0 0 1 0 0 0 0 0 1 0 0 1 0 1 1 1 0 0 1 0 1 0 1 1 0 1 1 1 1 0 0
40 1 1 0 0 0 1 1 1 1 1 1 1 0 1 0 1 0 0 1 0 0 1 0 0 0 1 0 1 0 1 1 1 0 1 1 1 0 0 0 0
40 1 0 1 1 0 0 1 1 1 0 1 1 1 1 1 0 1 0 1 1 1 0 1 1 0 1 1 0 1 1 1 0 0 1 0 1 1 1 0 0
40 0 0 0 1 0 1 1 1 0 1 0 1 1 1 0 0 1 0 0 1 1 0 0 1 1 1 1 0 0 1 0 0 1 1 1 1 1 0 1 0
40 0 1 0 1 0 0 0 1 0 1 0 1 0 0 0 0 1 0 1 1 1 0 0 0 0 1 0 0 0 0 1 1 1 1 0 1 0 1 1 0
40 0 1 1 0 1 0 0 1 1 1 1 1 0 0 0 0 0 0 1 1 1 1 0 0 0 0 0 1 0 1 0 1 1 1 1 1 1 1 0 0
40 1 0 0 0 1 0 1 0 0 0 0 1 0 0 0 1 1 1 1 0 1 0 1 0 0 0 1 0 1 0 0 0 1 0 1 0 1 0 0 0
40 1 1 1 0 1 1 1 0 1 0 0 0 1 1 0 0 0 0 0 1 0 1 0 0 0 1 1 0 1 1 0 1 1 0 0 1 0 1 0 0
40 0 0 0 1 1 1 0 0 0 0 0 1 1 0 0 0 0 1 0 1 1 0 1 0 1 1 1 1 0 0 0 0 0 0 1 1 0 1 1 0
40 1 0 0 0 0 1 0 0 1 0 1 0 0 0 0 0 0 0 0 0 0 1 1 0 0 0 1 0 1 0 1 1 1 0 1 0 1 0 0 1
40 0 1 1 1 1 1 1 1 1 1 1 1 1 1 0 1 0 1 1 0 1 1 0 1 1 0 0 0 1 1 0 0 0 0 0 1 1 0 0 1
