20 7 400 15
20 18 12 16 16 14 10
20 14 0 4 3 4 4 10 11 3 1 0 3 2 6 6 5 4 14 3 9
20 4 5 12 13 2 11 5 8 11 4 1 11 13 1 6 12 3 6 10 14
20 14 7 5 13 9 5 13 12 9 10 0 3 8 11 11 8 9 13 9 0
20 8 12 8 2 6 13 0 14 5 0 2 12 8 7 12 0 4 8 10 5
20 13 2 2 10 13 12 12 11 6 7 14 9 8 8 13 0 11 3 1 6
20 5 6 9 9 0 9 8 3 1 12 3 0 2 7 3 5 13 4 12 10
20 3 0 4 14 8 7 3 14 9 1 1 8 12 9 11 5 10 7 13 6
20 1 12 3 6 7 8 13 0 13 13 1 4 5 1 0 9 3 8 2 11
20 7 4 4 10 7 11 4 6 4 6 10 4 3 11 1 13 0 0 8 3
20 7 4 1 13 7 0 9 9 1 6 11 5 10 8 10 5 2 14 6 10
20 7 14 2 6 10 4 9 7 13 11 14 7 0 3 10 14 12 4 6 0
20 8 11 7 2 6 12 1 0 6 8 10 3 11 9 14 0 14 14 2 2
20 0 8 5 6 14 3 7 10 2 1 9 0 12 3 1 1 2 6 8 10
20 10 7 14 3 2 13 8 5 14 7 12 13 7 4 4 1 13 9 13 5
20 4 6 13 12 14 8 14 11 10 12 2 6 11 12 2 11 12 14 10 14
20 5 13 11 7 14 10 2 5 2 13 7 9 12 1 14 2 5 0 5 9
20 1 11 11 0 9 10 1 1 5 1 9 12 4 3 2 1 12 1 4 1
20 2 4 0 11 9 10 3 5 11 4 0 2 10 7 10 3 13 10 12 5
20 2 12 13 7 3 9 4 11 2 13 11 8 6 5 4 3 7 8 6 7
20 14 8 3 5 6 6 8 7 9 9 6 1 7 12 9 0 10 5 14 12
