30 20 900 5
21 27 21 15 15 30 27 15 30 27 18 21 30 27 27 21 27 15 30 18
30 0 2 2 3 0 1 0 3 4 2 2 4 2 2 3 1 4 0 2 0 2 2 0 3 0 4 3 0 3 4
30 3 4 4 2 3 3 0 4 1 2 1 4 2 3 3 3 3 0 2 2 4 1 3 1 2 4 1 1 2 0
30 3 0 4 1 2 4 3 1 1 2 2 3 4 4 4 3 3 0 1 4 4 2 1 4 2 4 1 3 2 0
30 2 3 3 0 1 1 0 1 0 0 4 1 1 3 3 2 4 1 0 2 2 1 1 0 4 2 4 4 2 3
30 1 1 4 1 2 3 1 4 3 1 0 0 2 4 0 3 1 4 3 2 2 4 1 3 2 2 2 0 4 1
30 0 0 0 3 2 0 3 1 3 2 1 0 4 0 0 2 0 3 2 3 2 2 1 3 3 1 2 2 0 1
30 3 2 2 1 1 1 3 3 3 1 2 1 2 0 4 3 3 3 0 1 3 2 3 0 4 0 3 0 4 4
30 4 2 1 3 2 3 0 1 1 0 2 3 3 1 4 4 3 4 0 2 1 1 1 1 0 0 0 0 1 4
30 0 0 2 4 2 0 0 3 2 4 2 1 3 1 3 3 4 0 1 2 2 2 2 1 2 1 0 2 4 0
30 0 0 3 0 4 2 2 4 2 1 3 0 2 0 4 1 2 4 2 3 2 3 1 0 4 1 4 4 3 4
30 1 0 2 2 2 0 1 4 4 3 3 1 2 3 2 0 3 3 0 2 0 1 2 0 3 2 4 0 3 3
30 4 3 2 0 0 0 3 2 1 0 2 3 2 2 2 3 3 4 4 4 1 4 3 2 4 4 0 3 1 2
30 3 0 3 1 0 4 1 2 2 4 0 1 0 4 4 3 3 0 4 2 4 3 4 0 2 1 2 0 2 2
30 4 1 4 0 0 0 3 4 3 4 4 1 3 4 4 1 4 0 4 3 3 1 4 0 0 0 0 0 3 2
30 1 4 1 0 1 1 1 3 3 0 0 0 1 0 1 2 2 0 2 1 3 1 3 3 3 1 1 0 1 1
30 2 1 3 4 0 2 4 0 2 3 4 4 4 3 2 4 2 2 0 3 0 1 2 1 3 3 4 2 0 1
30 0 2 3 2 4 1 2 3 0 2 4 2 1 1 4 1 4 3 1 2 3 1 2 0 1 4 4 2 4 2
30 0 4 1 4 3 0 1 1 3 1 0 2 2 3 3 1 1 4 2 0 2 1 3 0 0 0 0 3 4 0
30 2 1 0 1 1 3 1 3 1 1 1 4 0 4 1 0 1 4 1 0 1 4 1 0 4 0 0 1 0 2
30 1 3 3 2 3 2 1 0 2 0 0 3 3 4 4 4 0 2 4 0 2 3 3 4 3 2 4 4 2 3
30 0 4 0 4 0 2 3 0 3 2 1 4 3 2 2 2 4 4 0 4 3 1 0 0 3 4 3 1 0 4
30 0 4 3 2 0 4 4 2 4 2 3 1 0 1 2 0 4 3 0 3 3 2 2 2 0 2 2 0 1 4
30 0 4 3 4 1 1 3 3 3 3 1 3 1 0 4 3 4 3 1 4 4 2 4 2 0 4 4 1 2 1
30 3 2 3 1 4 1 3 1 4 1 3 1 2 0 2 2 0 0 4 2 3 4 1 4 2 0 1 3 1 0
30 0 3 1 3 0 2 0 2 3 2 2 0 3 1 0 3 3 3 4 1 1 3 2 0 1 3 2 1 1 4
30 0 2 1 1 1 3 0 3 4 4 2 1 2 2 4 1 0 0 3 3 1 0 1 1 0 4 4 3 0 4
30 1 1 1 3 1 4 0 1 0 0 2 2 1 3 1 4 4 1 0 4 1 2 3 3 0 2 2 4 1 4
30 0 2 4 4 2 4 1 3 4 0 2 2 1 4 2 2 4 4 4 4 3 3 2 0 3 4 4 3 2 1
30 4 4 0 0 4 4 3 0 0 3 0 3 0 4 1 2 3 4 2 4 4 4 1 2 2 0 0 1 2 3
30 0 1 3 4 3 2 4 4 1 3 1 0 3 3 1 3 4 0 4 1 0 4 1 2 2 1 4 0 3 1
